# Made in Blockbench 4.8.3
mtllib Hyper_Flower.mtl

o Base
v -0.29995507609108235 1.9610615393757485 -0.009679009211784773
v -0.2452622077595768 2.0330835871150392 -0.0959722000967666
v -0.3199712674421068 1.872869491601092 -0.0959722000967666
v -0.26527839911060125 1.9448915393403827 -0.18226539098174843
v -0.30056374986617584 2.058871119707127 -0.109499675967898
v -0.35525661819768134 1.9868490719678364 -0.023206485082916173
v -0.3205799412172003 1.9706790719324712 -0.1957928668528799
v -0.3752728095487058 1.89865702419318 -0.109499675967898
vt 0.4375 0.8125
vt 0.46875 0.8125
vt 0.46875 0.75
vt 0.4375 0.75
vt 0.375 0.8125
vt 0.4375 0.8125
vt 0.4375 0.75
vt 0.375 0.75
vt 0.53125 0.8125
vt 0.5625 0.8125
vt 0.5625 0.75
vt 0.53125 0.75
vt 0.46875 0.8125
vt 0.53125 0.8125
vt 0.53125 0.75
vt 0.46875 0.75
vt 0.46875 0.8125
vt 0.4375 0.8125
vt 0.4375 0.875
vt 0.46875 0.875
vt 0.5 0.875
vt 0.46875 0.875
vt 0.46875 0.8125
vt 0.5 0.8125
vn 0.4375429466520441 0.5761763819143269 -0.6903455270798547
vn 0.8848246737055843 -0.4126005214734118 0.21643961393810285
vn -0.4375429466520441 -0.5761763819143269 0.6903455270798547
vn -0.8848246737055843 0.4126005214734118 -0.21643961393810285
vn 0.16012953080819559 0.7055363821972505 0.6903455270798549
vn -0.16012953080819559 -0.7055363821972505 -0.6903455270798549
usemtl m_5df2ebf9-035c-45af-7359-f5921edf0435
f 4/4/1 7/3/1 5/2/1 2/1/1
f 3/8/2 4/7/2 2/6/2 1/5/2
f 8/12/3 3/11/3 1/10/3 6/9/3
f 7/16/4 8/15/4 6/14/4 5/13/4
f 6/20/5 1/19/5 2/18/5 5/17/5
f 7/24/6 4/23/6 3/22/6 8/21/6
o Base2
v -0.2893653308085731 1.9906040200201813 -0.06884481884205124
v -0.2771052740876163 1.9848870616817842 -0.12986331928704709
v -0.31577897216736694 1.9339597833303905 -0.06884481884205124
v -0.3035189154464102 1.9282428249919938 -0.12986331928704709
v -0.3324068161942154 2.0106745942738726 -0.14339079515817849
v -0.3446668729151722 2.0163915526122698 -0.08237229471318264
v -0.3588204575530092 1.9540303575840818 -0.14339079515817849
v -0.37108051427396593 1.9597473159224785 -0.08237229471318264
vt 0.03125 0.5
vt 0.0625 0.5
vt 0.0625 0.46875
vt 0.03125 0.46875
vt 0 0.5
vt 0.03125 0.5
vt 0.03125 0.46875
vt 0 0.46875
vt 0.09375 0.5
vt 0.125 0.5
vt 0.125 0.46875
vt 0.09375 0.46875
vt 0.0625 0.5
vt 0.09375 0.5
vt 0.09375 0.46875
vt 0.0625 0.46875
vt 0.0625 0.5
vt 0.03125 0.5
vt 0.03125 0.53125
vt 0.0625 0.53125
vt 0.09375 0.53125
vt 0.0625 0.53125
vt 0.0625 0.5
vt 0.09375 0.5
vn 0.19616090753530888 -0.0914713334143491 -0.9762960071199334
vn 0.8848246737055843 -0.41260052147341175 0.21643961393810285
vn -0.19616090753530888 0.0914713334143491 0.9762960071199334
vn -0.8848246737055843 0.41260052147341175 -0.21643961393810285
vn 0.4226182617406995 0.9063077870366499 1.3877787807814457e-17
vn -0.4226182617406995 -0.9063077870366499 -1.3877787807814457e-17
usemtl m_5df2ebf9-035c-45af-7359-f5921edf0435
f 12/28/7 15/27/7 13/26/7 10/25/7
f 11/32/8 12/31/8 10/30/8 9/29/8
f 16/36/9 11/35/9 9/34/9 14/33/9
f 15/40/10 16/39/10 14/38/10 13/37/10
f 14/44/11 9/43/11 10/42/11 13/41/11
f 15/48/12 12/47/12 11/46/12 16/45/12
o cube1
v -0.32328379656356543 2.01953902773718 -0.09159714797105578
v -0.32328379656356543 2.01953902773718 -0.09159714797105578
v -0.29209321941933086 1.9690428597359944 -0.11118119542314264
v -0.29209321941933086 1.9690428597359944 -0.11118119542314264
v -0.37030141028662994 2.0055119380678637 -0.13031193526477153
v -0.37030141028662994 2.0055119380678637 -0.13031193526477153
v -0.3391108331423954 1.9550157700666784 -0.14989598271685844
v -0.3391108331423954 1.9550157700666784 -0.14989598271685844
vt 0.25 0.3125
vt 0.28125 0.3125
vt 0.28125 0.28125
vt 0.25 0.28125
vt 0.25 0.3125
vt 0.25 0.3125
vt 0.25 0.28125
vt 0.25 0.28125
vt 0.28125 0.3125
vt 0.3125 0.3125
vt 0.3125 0.28125
vt 0.28125 0.28125
vt 0.28125 0.3125
vt 0.28125 0.3125
vt 0.28125 0.28125
vt 0.28125 0.28125
vt 0.28125 0.3125
vt 0.25 0.3125
vt 0.25 0.3125
vt 0.28125 0.3125
vt 0.3125 0.3125
vt 0.28125 0.3125
vt 0.28125 0.3125
vt 0.3125 0.3125
vn 0.4301417506854582 0.5448529249135776 -0.7198009200677424
vn 0.7522818195690326 0.22443343470905938 0.6194365966994524
vn -0.4301417506854582 -0.5448529249135776 0.7198009200677424
vn -0.7522818195690326 -0.22443343470905938 -0.6194365966994524
vn -0.4990492343077533 0.8079386880189696 0.3133447592333904
vn 0.4990492343077533 -0.8079386880189696 -0.3133447592333904
usemtl m_5df2ebf9-035c-45af-7359-f5921edf0435
f 20/52/13 23/51/13 21/50/13 18/49/13
f 19/56/14 20/55/14 18/54/14 17/53/14
f 24/60/15 19/59/15 17/58/15 22/57/15
f 23/64/16 24/63/16 22/62/16 21/61/16
f 22/68/17 17/67/17 18/66/17 21/65/17
f 23/72/18 20/71/18 19/70/18 24/69/18
o cube2
v -0.3367257262724857 2.0025123738336306 -0.06910336921893867
v -0.3367257262724857 2.0025123738336306 -0.06910336921893867
v -0.3055351491282511 1.9520162058324448 -0.08868741667102553
v -0.3055351491282511 1.9520162058324448 -0.08868741667102553
v -0.3837433399955502 1.9884852841643141 -0.10781815651265442
v -0.3837433399955502 1.9884852841643141 -0.10781815651265442
v -0.35255276285131565 1.9379891161631289 -0.12740220396474133
v -0.35255276285131565 1.9379891161631289 -0.12740220396474133
vt 0.25 0.34375
vt 0.28125 0.34375
vt 0.28125 0.3125
vt 0.25 0.3125
vt 0.25 0.34375
vt 0.25 0.34375
vt 0.25 0.3125
vt 0.25 0.3125
vt 0.28125 0.34375
vt 0.3125 0.34375
vt 0.3125 0.3125
vt 0.28125 0.3125
vt 0.28125 0.34375
vt 0.28125 0.34375
vt 0.28125 0.3125
vt 0.28125 0.3125
vt 0.28125 0.34375
vt 0.25 0.34375
vt 0.25 0.34375
vt 0.28125 0.34375
vt 0.3125 0.34375
vt 0.28125 0.34375
vt 0.28125 0.34375
vt 0.3125 0.34375
vn 0.4301417506854582 0.5448529249135776 -0.7198009200677424
vn 0.7522818195690326 0.22443343470905938 0.6194365966994524
vn -0.4301417506854582 -0.5448529249135776 0.7198009200677424
vn -0.7522818195690326 -0.22443343470905938 -0.6194365966994524
vn -0.4990492343077533 0.8079386880189696 0.3133447592333904
vn 0.4990492343077533 -0.8079386880189696 -0.3133447592333904
usemtl m_5df2ebf9-035c-45af-7359-f5921edf0435
f 28/76/19 31/75/19 29/74/19 26/73/19
f 27/80/20 28/79/20 26/78/20 25/77/20
f 32/84/21 27/83/21 25/82/21 30/81/21
f 31/88/22 32/87/22 30/86/22 29/85/22
f 30/92/23 25/91/23 26/90/23 29/89/23
f 31/96/24 28/95/24 27/94/24 32/93/24
o cube3
v -0.2960163330510462 1.9719357410449847 -0.08962843070107657
v -0.2960163330510462 1.9719357410449847 -0.08962843070107657
v -0.3161106691858745 2.0142496050831515 -0.13100480760215455
v -0.3161106691858745 2.0142496050831515 -0.13100480760215455
v -0.35413018778351707 1.9660909553386867 -0.06738279364162747
v -0.35413018778351707 1.9660909553386867 -0.06738279364162747
v -0.3742245239183453 2.008404819376854 -0.10875917054270545
v -0.3742245239183453 2.008404819376854 -0.10875917054270545
vt 0.1875 0.3125
vt 0.21875 0.3125
vt 0.21875 0.28125
vt 0.1875 0.28125
vt 0.1875 0.3125
vt 0.1875 0.3125
vt 0.1875 0.28125
vt 0.1875 0.28125
vt 0.21875 0.3125
vt 0.25 0.3125
vt 0.25 0.28125
vt 0.21875 0.28125
vt 0.21875 0.3125
vt 0.21875 0.3125
vt 0.21875 0.28125
vt 0.21875 0.28125
vt 0.21875 0.3125
vt 0.1875 0.3125
vt 0.1875 0.3125
vt 0.21875 0.3125
vt 0.25 0.3125
vt 0.21875 0.3125
vt 0.21875 0.3125
vt 0.25 0.3125
vn 0.17906247825565114 0.7299973286889401 0.6595760221444956
vn 0.9298216757195337 0.09351657130076034 -0.3559301929511859
vn -0.17906247825565114 -0.7299973286889401 -0.6595760221444956
vn -0.9298216757195337 -0.09351657130076034 0.3559301929511859
vn 0.32150937815725217 -0.6770218246106705 0.6620220304172479
vn -0.32150937815725217 0.6770218246106705 -0.6620220304172479
usemtl m_5df2ebf9-035c-45af-7359-f5921edf0435
f 36/100/25 39/99/25 37/98/25 34/97/25
f 35/104/26 36/103/26 34/102/26 33/101/26
f 40/108/27 35/107/27 33/106/27 38/105/27
f 39/112/28 40/111/28 38/110/28 37/109/28
f 38/116/29 33/115/29 34/114/29 37/113/29
f 39/120/30 36/119/30 35/118/30 40/117/30
o cube4
v -0.3016120354965353 1.9491233245234554 -0.110240181393092
v -0.3016120354965353 1.9491233245234554 -0.110240181393092
v -0.3217063716313636 1.9914371885616218 -0.15161655829417003
v -0.3217063716313636 1.9914371885616218 -0.15161655829417003
v -0.3597258902290062 1.9432785388171574 -0.08799454433364295
v -0.3597258902290062 1.9432785388171574 -0.08799454433364295
v -0.37982022636383445 1.9855924028553247 -0.12937092123472094
v -0.37982022636383445 1.9855924028553247 -0.12937092123472094
vt 0.1875 0.34375
vt 0.21875 0.34375
vt 0.21875 0.3125
vt 0.1875 0.3125
vt 0.1875 0.34375
vt 0.1875 0.34375
vt 0.1875 0.3125
vt 0.1875 0.3125
vt 0.21875 0.34375
vt 0.25 0.34375
vt 0.25 0.3125
vt 0.21875 0.3125
vt 0.21875 0.34375
vt 0.21875 0.34375
vt 0.21875 0.3125
vt 0.21875 0.3125
vt 0.21875 0.34375
vt 0.1875 0.34375
vt 0.1875 0.34375
vt 0.21875 0.34375
vt 0.25 0.34375
vt 0.21875 0.34375
vt 0.21875 0.34375
vt 0.25 0.34375
vn 0.17906247825565114 0.7299973286889401 0.6595760221444956
vn 0.9298216757195337 0.09351657130076034 -0.3559301929511859
vn -0.17906247825565114 -0.7299973286889401 -0.6595760221444956
vn -0.9298216757195337 -0.09351657130076034 0.3559301929511859
vn 0.32150937815725217 -0.6770218246106705 0.6620220304172479
vn -0.32150937815725217 0.6770218246106705 -0.6620220304172479
usemtl m_5df2ebf9-035c-45af-7359-f5921edf0435
f 44/124/31 47/123/31 45/122/31 42/121/31
f 43/128/32 44/127/32 42/126/32 41/125/32
f 48/132/33 43/131/33 41/130/33 46/129/33
f 47/136/34 48/135/34 46/134/34 45/133/34
f 46/140/35 41/139/35 42/138/35 45/137/35
f 47/144/36 44/143/36 43/142/36 48/141/36
o cube1
v -0.30319071633522277 1.997050903168203 -0.07222668780983488
v -0.30319071633522277 1.997050903168203 -0.07222668780983488
v -0.29093065961426595 1.9913339448298064 -0.13324518825483067
v -0.29093065961426595 1.9913339448298064 -0.13324518825483067
v -0.35849225844182175 2.0228384357602915 -0.08575416368096633
v -0.35849225844182175 2.0228384357602915 -0.08575416368096633
v -0.34623220172086494 2.0171214774218944 -0.14677266412596213
v -0.34623220172086494 2.0171214774218944 -0.14677266412596213
vt 0.25 0.28125
vt 0.28125 0.28125
vt 0.28125 0.25
vt 0.25 0.25
vt 0.25 0.28125
vt 0.25 0.28125
vt 0.25 0.25
vt 0.25 0.25
vt 0.28125 0.28125
vt 0.3125 0.28125
vt 0.3125 0.25
vt 0.28125 0.25
vt 0.28125 0.28125
vt 0.28125 0.28125
vt 0.28125 0.25
vt 0.28125 0.25
vt 0.28125 0.28125
vt 0.25 0.28125
vt 0.25 0.28125
vt 0.28125 0.28125
vt 0.3125 0.28125
vt 0.28125 0.28125
vt 0.28125 0.28125
vt 0.3125 0.28125
vn 0.42261826174069955 0.9063077870366499 -2.0816681711721685e-16
vn 0.8848246737055843 -0.41260052147341175 0.2164396139381029
vn -0.42261826174069955 -0.9063077870366499 2.0816681711721685e-16
vn -0.8848246737055843 0.41260052147341175 -0.2164396139381029
vn -0.1961609075353088 0.0914713334143493 0.9762960071199334
vn 0.1961609075353088 -0.0914713334143493 -0.9762960071199334
usemtl m_5df2ebf9-035c-45af-7359-f5921edf0435
f 52/148/37 55/147/37 53/146/37 50/145/37
f 51/152/38 52/151/38 50/150/38 49/149/38
f 56/156/39 51/155/39 49/154/39 54/153/39
f 55/160/40 56/159/40 54/158/40 53/157/40
f 54/164/41 49/163/41 50/162/41 53/161/41
f 55/168/42 52/167/42 51/166/42 56/165/42
o cube2
v -0.2909306596142659 1.9913339448298069 -0.13324518825483023
v -0.2909306596142659 1.9913339448298069 -0.13324518825483023
v -0.3173443009730596 1.934689708140016 -0.13324518825483023
v -0.3173443009730596 1.934689708140016 -0.13324518825483023
v -0.3462322017208649 2.017121477421895 -0.14677266412596168
v -0.3462322017208649 2.017121477421895 -0.14677266412596168
v -0.3726458430796586 1.9604772407321045 -0.14677266412596168
v -0.3726458430796586 1.9604772407321045 -0.14677266412596168
vt 0.1875 0.28125
vt 0.21875 0.28125
vt 0.21875 0.25
vt 0.1875 0.25
vt 0.1875 0.28125
vt 0.1875 0.28125
vt 0.1875 0.25
vt 0.1875 0.25
vt 0.21875 0.28125
vt 0.25 0.28125
vt 0.25 0.25
vt 0.21875 0.25
vt 0.21875 0.28125
vt 0.21875 0.28125
vt 0.21875 0.25
vt 0.21875 0.25
vt 0.21875 0.28125
vt 0.1875 0.28125
vt 0.1875 0.28125
vt 0.21875 0.28125
vt 0.25 0.28125
vt 0.21875 0.28125
vt 0.21875 0.28125
vt 0.25 0.28125
vn 0.19616090753530888 -0.0914713334143491 -0.9762960071199334
vn 0.8848246737055843 -0.41260052147341175 0.21643961393810285
vn -0.19616090753530888 0.0914713334143491 0.9762960071199334
vn -0.8848246737055843 0.41260052147341175 -0.21643961393810285
vn 0.4226182617406995 0.9063077870366499 1.3877787807814457e-17
vn -0.4226182617406995 -0.9063077870366499 -1.3877787807814457e-17
usemtl m_5df2ebf9-035c-45af-7359-f5921edf0435
f 60/172/43 63/171/43 61/170/43 58/169/43
f 59/176/44 60/175/44 58/174/44 57/173/44
f 64/180/45 59/179/45 57/178/45 62/177/45
f 63/184/46 64/183/46 62/182/46 61/181/46
f 62/188/47 57/187/47 58/186/47 61/185/47
f 63/192/48 60/191/48 59/190/48 64/189/48
o cube3
v -0.30319071633522265 1.9970509031682036 -0.07222668780983443
v -0.30319071633522265 1.9970509031682036 -0.07222668780983443
v -0.3296043576940164 1.9404066664784132 -0.07222668780983443
v -0.3296043576940164 1.9404066664784132 -0.07222668780983443
v -0.3584922584418217 2.022838435760292 -0.08575416368096583
v -0.3584922584418217 2.022838435760292 -0.08575416368096583
v -0.3849058998006154 1.9661941990705012 -0.08575416368096583
v -0.3849058998006154 1.9661941990705012 -0.08575416368096583
vt 0.125 0.28125
vt 0.15625 0.28125
vt 0.15625 0.25
vt 0.125 0.25
vt 0.125 0.28125
vt 0.125 0.28125
vt 0.125 0.25
vt 0.125 0.25
vt 0.15625 0.28125
vt 0.1875 0.28125
vt 0.1875 0.25
vt 0.15625 0.25
vt 0.15625 0.28125
vt 0.15625 0.28125
vt 0.15625 0.25
vt 0.15625 0.25
vt 0.15625 0.28125
vt 0.125 0.28125
vt 0.125 0.28125
vt 0.15625 0.28125
vt 0.1875 0.28125
vt 0.15625 0.28125
vt 0.15625 0.28125
vt 0.1875 0.28125
vn 0.19616090753530888 -0.0914713334143491 -0.9762960071199334
vn 0.8848246737055843 -0.41260052147341175 0.21643961393810285
vn -0.19616090753530888 0.0914713334143491 0.9762960071199334
vn -0.8848246737055843 0.41260052147341175 -0.21643961393810285
vn 0.4226182617406995 0.9063077870366499 1.3877787807814457e-17
vn -0.4226182617406995 -0.9063077870366499 -1.3877787807814457e-17
usemtl m_5df2ebf9-035c-45af-7359-f5921edf0435
f 68/196/49 71/195/49 69/194/49 66/193/49
f 67/200/50 68/199/50 66/198/50 65/197/50
f 72/204/51 67/203/51 65/202/51 70/201/51
f 71/208/52 72/207/52 70/206/52 69/205/52
f 70/212/53 65/211/53 66/210/53 69/209/53
f 71/216/54 68/215/54 67/214/54 72/213/54
o cube4
v -0.32960435769401647 1.9404066664784123 -0.07222668780983488
v -0.32960435769401647 1.9404066664784123 -0.07222668780983488
v -0.31734430097305966 1.9346897081400156 -0.13324518825483067
v -0.31734430097305966 1.9346897081400156 -0.13324518825483067
v -0.38490589980061546 1.9661941990705007 -0.08575416368096628
v -0.38490589980061546 1.9661941990705007 -0.08575416368096628
v -0.3726458430796587 1.960477240732104 -0.14677266412596213
v -0.3726458430796587 1.960477240732104 -0.14677266412596213
vt 0.0625 0.28125
vt 0.09375 0.28125
vt 0.09375 0.25
vt 0.0625 0.25
vt 0.0625 0.28125
vt 0.0625 0.28125
vt 0.0625 0.25
vt 0.0625 0.25
vt 0.09375 0.28125
vt 0.125 0.28125
vt 0.125 0.25
vt 0.09375 0.25
vt 0.09375 0.28125
vt 0.09375 0.28125
vt 0.09375 0.25
vt 0.09375 0.25
vt 0.09375 0.28125
vt 0.0625 0.28125
vt 0.0625 0.28125
vt 0.09375 0.28125
vt 0.125 0.28125
vt 0.09375 0.28125
vt 0.09375 0.28125
vt 0.125 0.28125
vn 0.42261826174069955 0.9063077870366499 -2.0816681711721685e-16
vn 0.8848246737055843 -0.41260052147341175 0.2164396139381029
vn -0.42261826174069955 -0.9063077870366499 2.0816681711721685e-16
vn -0.8848246737055843 0.41260052147341175 -0.2164396139381029
vn -0.1961609075353088 0.0914713334143493 0.9762960071199334
vn 0.1961609075353088 -0.0914713334143493 -0.9762960071199334
usemtl m_5df2ebf9-035c-45af-7359-f5921edf0435
f 76/220/55 79/219/55 77/218/55 74/217/55
f 75/224/56 76/223/56 74/222/56 73/221/56
f 80/228/57 75/227/57 73/226/57 78/225/57
f 79/232/58 80/231/58 78/230/58 77/229/58
f 78/236/59 73/235/59 74/234/59 77/233/59
f 79/240/60 76/239/60 75/238/60 80/237/60
o cube5
v -0.3289447735747735 1.925816781775623 -0.10273593803233289
v -0.3289447735747735 1.925816781775623 -0.10273593803233289
v -0.30159833940902075 1.9618278056452683 -0.14588253347482383
v -0.30159833940902075 1.9618278056452683 -0.14588253347482383
v -0.3842463156813725 1.951604314367711 -0.11626341390346434
v -0.3842463156813725 1.951604314367711 -0.11626341390346434
v -0.35689988151561974 1.9876153382373567 -0.15941000934595528
v -0.35689988151561974 1.9876153382373567 -0.15941000934595528
vt 0.3125 0.34375
vt 0.34375 0.34375
vt 0.34375 0.3125
vt 0.3125 0.3125
vt 0.3125 0.34375
vt 0.3125 0.34375
vt 0.3125 0.3125
vt 0.3125 0.3125
vt 0.34375 0.34375
vt 0.375 0.34375
vt 0.375 0.3125
vt 0.34375 0.3125
vt 0.34375 0.34375
vt 0.34375 0.34375
vt 0.34375 0.3125
vt 0.34375 0.3125
vt 0.34375 0.34375
vt 0.3125 0.34375
vt 0.3125 0.34375
vt 0.34375 0.34375
vt 0.375 0.34375
vt 0.34375 0.34375
vt 0.34375 0.34375
vt 0.375 0.34375
vn 0.16012953080819575 0.7055363821972507 0.6903455270798546
vn 0.8848246737055844 -0.4126005214734118 0.21643961393810296
vn -0.16012953080819575 -0.7055363821972507 -0.6903455270798546
vn -0.8848246737055844 0.4126005214734118 -0.21643961393810296
vn -0.4375429466520441 -0.5761763819143266 0.6903455270798549
vn 0.4375429466520441 0.5761763819143266 -0.6903455270798549
usemtl m_5df2ebf9-035c-45af-7359-f5921edf0435
f 84/244/61 87/243/61 85/242/61 82/241/61
f 83/248/62 84/247/62 82/246/62 81/245/62
f 88/252/63 83/251/63 81/250/63 86/249/63
f 87/256/64 88/255/64 86/254/64 85/253/64
f 86/260/65 81/259/65 82/258/65 85/257/65
f 87/264/66 84/263/66 83/262/66 88/261/66
o cube2
v -0.3189366778992613 1.9699128056629513 -0.05958934258984194
v -0.3189366778992613 1.9699128056629513 -0.05958934258984194
v -0.2915902437335085 2.0059238295325965 -0.10273593803233294
v -0.2915902437335085 2.0059238295325965 -0.10273593803233294
v -0.37423822000586027 1.9957003382550393 -0.0731168184609734
v -0.37423822000586027 1.9957003382550393 -0.0731168184609734
v -0.34689178584010755 2.031711362124685 -0.11626341390346434
v -0.34689178584010755 2.031711362124685 -0.11626341390346434
vt 0.3125 0.3125
vt 0.34375 0.3125
vt 0.34375 0.28125
vt 0.3125 0.28125
vt 0.3125 0.3125
vt 0.3125 0.3125
vt 0.3125 0.28125
vt 0.3125 0.28125
vt 0.34375 0.3125
vt 0.375 0.3125
vt 0.375 0.28125
vt 0.34375 0.28125
vt 0.34375 0.3125
vt 0.34375 0.3125
vt 0.34375 0.28125
vt 0.34375 0.28125
vt 0.34375 0.3125
vt 0.3125 0.3125
vt 0.3125 0.3125
vt 0.34375 0.3125
vt 0.375 0.3125
vt 0.34375 0.3125
vt 0.34375 0.3125
vt 0.375 0.3125
vn 0.16012953080819575 0.7055363821972507 0.6903455270798546
vn 0.8848246737055844 -0.4126005214734118 0.21643961393810296
vn -0.16012953080819575 -0.7055363821972507 -0.6903455270798546
vn -0.8848246737055844 0.4126005214734118 -0.21643961393810296
vn -0.4375429466520441 -0.5761763819143266 0.6903455270798549
vn 0.4375429466520441 0.5761763819143266 -0.6903455270798549
usemtl m_5df2ebf9-035c-45af-7359-f5921edf0435
f 92/268/67 95/267/67 93/266/67 90/265/67
f 91/272/68 92/271/68 90/270/68 89/269/68
f 96/276/69 91/275/69 89/274/69 94/273/69
f 95/280/70 96/279/70 94/278/70 93/277/70
f 94/284/71 89/283/71 90/282/71 93/281/71
f 95/288/72 92/287/72 91/286/72 96/285/72
o cube3
v -0.29159024373350867 2.0059238295325965 -0.10273593803233233
v -0.29159024373350867 2.0059238295325965 -0.10273593803233233
v -0.30159833940902087 1.9618278056452683 -0.14588253347482327
v -0.30159833940902087 1.9618278056452683 -0.14588253347482327
v -0.34689178584010766 2.031711362124685 -0.11626341390346373
v -0.34689178584010766 2.031711362124685 -0.11626341390346373
v -0.3568998815156199 1.9876153382373567 -0.15941000934595467
v -0.3568998815156199 1.9876153382373567 -0.15941000934595467
vt 0.375 0.34375
vt 0.40625 0.34375
vt 0.40625 0.3125
vt 0.375 0.3125
vt 0.375 0.34375
vt 0.375 0.34375
vt 0.375 0.3125
vt 0.375 0.3125
vt 0.40625 0.34375
vt 0.4375 0.34375
vt 0.4375 0.3125
vt 0.40625 0.3125
vt 0.40625 0.34375
vt 0.40625 0.34375
vt 0.40625 0.3125
vt 0.40625 0.3125
vt 0.40625 0.34375
vt 0.375 0.34375
vt 0.375 0.34375
vt 0.40625 0.34375
vt 0.4375 0.34375
vt 0.40625 0.34375
vt 0.40625 0.34375
vt 0.4375 0.34375
vn 0.4375429466520441 0.5761763819143269 -0.6903455270798547
vn 0.8848246737055843 -0.4126005214734118 0.21643961393810285
vn -0.4375429466520441 -0.5761763819143269 0.6903455270798547
vn -0.8848246737055843 0.4126005214734118 -0.21643961393810285
vn 0.16012953080819559 0.7055363821972505 0.6903455270798549
vn -0.16012953080819559 -0.7055363821972505 -0.6903455270798549
usemtl m_5df2ebf9-035c-45af-7359-f5921edf0435
f 100/292/73 103/291/73 101/290/73 98/289/73
f 99/296/74 100/295/74 98/294/74 97/293/74
f 104/300/75 99/299/75 97/298/75 102/297/75
f 103/304/76 104/303/76 102/302/76 101/301/76
f 102/308/77 97/307/77 98/306/77 101/305/77
f 103/312/78 100/311/78 99/310/78 104/309/78
o cube4
v -0.3189366778992614 1.9699128056629513 -0.05958934258984139
v -0.3189366778992614 1.9699128056629513 -0.05958934258984139
v -0.32894477357477364 1.925816781775623 -0.10273593803233233
v -0.32894477357477364 1.925816781775623 -0.10273593803233233
v -0.37423822000586043 1.9957003382550393 -0.07311681846097284
v -0.37423822000586043 1.9957003382550393 -0.07311681846097284
v -0.38424631568137263 1.951604314367711 -0.11626341390346373
v -0.38424631568137263 1.951604314367711 -0.11626341390346373
vt 0 0.28125
vt 0.03125 0.28125
vt 0.03125 0.25
vt 0 0.25
vt 0 0.28125
vt 0 0.28125
vt 0 0.25
vt 0 0.25
vt 0.03125 0.28125
vt 0.0625 0.28125
vt 0.0625 0.25
vt 0.03125 0.25
vt 0.03125 0.28125
vt 0.03125 0.28125
vt 0.03125 0.25
vt 0.03125 0.25
vt 0.03125 0.28125
vt 0 0.28125
vt 0 0.28125
vt 0.03125 0.28125
vt 0.0625 0.28125
vt 0.03125 0.28125
vt 0.03125 0.28125
vt 0.0625 0.28125
vn 0.4375429466520441 0.5761763819143269 -0.6903455270798547
vn 0.8848246737055843 -0.4126005214734118 0.21643961393810285
vn -0.4375429466520441 -0.5761763819143269 0.6903455270798547
vn -0.8848246737055843 0.4126005214734118 -0.21643961393810285
vn 0.16012953080819559 0.7055363821972505 0.6903455270798549
vn -0.16012953080819559 -0.7055363821972505 -0.6903455270798549
usemtl m_5df2ebf9-035c-45af-7359-f5921edf0435
f 108/316/79 111/315/79 109/314/79 106/313/79
f 107/320/80 108/319/80 106/318/80 105/317/80
f 112/324/81 107/323/81 105/322/81 110/321/81
f 111/328/82 112/327/82 110/326/82 109/325/82
f 110/332/83 105/331/83 106/330/83 109/329/83
f 111/336/84 108/335/84 107/334/84 112/333/84
o cube
v -0.3531490867214238 1.9457234681969289 -0.10146207283031106
v -0.3258026525556711 1.9817344920665745 -0.14460866827280194
v -0.3993299744739918 1.9327774098487698 -0.14153669297362342
v -0.3719835403082391 1.9687884337184154 -0.1846832884161143
v -0.3258026525556711 1.9817344920665745 -0.14460866827280194
v -0.3531490867214238 1.9457234681969289 -0.10146207283031106
v -0.3719835403082391 1.9687884337184154 -0.1846832884161143
v -0.3993299744739918 1.9327774098487698 -0.14153669297362342
vt 0.15624999999999997 0.3125
vt 0.15624999999999997 0.3125
vt 0.15624999999999997 0.28125
vt 0.15624999999999997 0.28125
vt 0.125 0.3125
vt 0.15624999999999997 0.3125
vt 0.15624999999999997 0.28125
vt 0.125 0.28125
vt 0.18749999999999994 0.3125
vt 0.18749999999999994 0.3125
vt 0.18749999999999994 0.28125
vt 0.18749999999999994 0.28125
vt 0.15624999999999997 0.3125
vt 0.18749999999999994 0.3125
vt 0.18749999999999994 0.28125
vt 0.15624999999999997 0.28125
vt 0.15624999999999997 0.3125
vt 0.15624999999999997 0.3125
vt 0.15624999999999997 0.34375
vt 0.15624999999999997 0.34375
vt 0.15624999999999997 0.34375
vt 0.15624999999999997 0.34375
vt 0.15624999999999997 0.3125
vt 0.15624999999999997 0.3125
vn 0.4375429466520442 0.5761763819143269 -0.6903455270798547
vn 0.5124368498356976 -0.790642186880455 -0.3351020848269359
vn -0.4375429466520442 -0.5761763819143269 0.6903455270798547
vn -0.5124368498356976 0.790642186880455 0.3351020848269359
vn 0.7388942040410882 0.2071369335705443 0.6411939222929977
vn -0.7388942040410882 -0.2071369335705443 -0.6411939222929977
usemtl m_5df2ebf9-035c-45af-7359-f5921edf0435
f 116/340/85 119/339/85 117/338/85 114/337/85
f 115/344/86 116/343/86 114/342/86 113/341/86
f 120/348/87 115/347/87 113/346/87 118/345/87
f 119/352/88 120/351/88 118/350/88 117/349/88
f 118/356/89 113/355/89 114/354/89 117/353/89
f 119/360/90 116/359/90 115/358/90 120/357/90
o cube
v -0.37870669249427713 2.023644328880743 -0.052626223975953346
v -0.3513602583285244 2.0596553527503887 -0.09577281941844423
v -0.34667938937954607 1.9742291922007151 -0.07357010427763683
v -0.3193329552137933 2.0102402160703603 -0.11671669972012771
v -0.3513602583285244 2.0596553527503887 -0.09577281941844423
v -0.37870669249427713 2.023644328880743 -0.052626223975953346
v -0.3193329552137933 2.0102402160703603 -0.11671669972012771
v -0.34667938937954607 1.9742291922007151 -0.07357010427763683
vt 0.09375 0.3125
vt 0.09375 0.3125
vt 0.09375 0.28125
vt 0.09375 0.28125
vt 0.0625 0.3125
vt 0.09375 0.3125
vt 0.09375 0.28125
vt 0.0625 0.28125
vt 0.125 0.3125
vt 0.125 0.3125
vt 0.125 0.28125
vt 0.125 0.28125
vt 0.09375 0.3125
vt 0.125 0.3125
vt 0.125 0.28125
vt 0.09375 0.28125
vt 0.09375 0.3125
vt 0.09375 0.3125
vt 0.09375 0.34375
vt 0.09375 0.34375
vt 0.09375 0.34375
vt 0.09375 0.34375
vt 0.09375 0.3125
vt 0.09375 0.3125
vn 0.4375429466520442 0.5761763819143269 -0.6903455270798547
vn 0.7388942040410881 0.20713693357054444 0.6411939222929977
vn -0.4375429466520442 -0.5761763819143269 0.6903455270798547
vn -0.7388942040410881 -0.20713693357054444 -0.6411939222929977
vn -0.5124368498356977 0.7906421868804548 0.33510208482693576
vn 0.5124368498356977 -0.7906421868804548 -0.33510208482693576
usemtl m_5df2ebf9-035c-45af-7359-f5921edf0435
f 124/364/91 127/363/91 125/362/91 122/361/91
f 123/368/92 124/367/92 122/366/92 121/365/92
f 128/372/93 123/371/93 121/370/93 126/369/93
f 127/376/94 128/375/94 126/374/94 125/373/94
f 126/380/95 121/379/95 122/378/95 125/377/95
f 127/384/96 124/383/96 123/382/96 128/381/96
o cube
v -0.3421652164446155 2.0553676336203197 -0.1415366927843873
v -0.35217331130514046 2.011271610806204 -0.18468328951274704
v -0.32239797026174605 2.011669454349434 -0.1014620735503215
v -0.332406065122271 1.9675734315353184 -0.14460867027868118
v -0.35217331130514046 2.011271610806204 -0.18468328951274704
v -0.3421652164446155 2.0553676336203197 -0.1415366927843873
v -0.332406065122271 1.9675734315353184 -0.14460867027868118
v -0.32239797026174605 2.011669454349434 -0.1014620735503215
vt 0.031250000000000014 0.3125
vt 0.031250000000000014 0.3125
vt 0.031250000000000014 0.28125
vt 0.031250000000000014 0.28125
vt 0 0.3125
vt 0.031250000000000014 0.3125
vt 0.031250000000000014 0.28125
vt 0 0.28125
vt 0.06250000000000003 0.3125
vt 0.06250000000000003 0.3125
vt 0.06250000000000003 0.28125
vt 0.06250000000000003 0.28125
vt 0.031250000000000014 0.3125
vt 0.06250000000000003 0.3125
vt 0.06250000000000003 0.28125
vt 0.031250000000000014 0.28125
vt 0.031250000000000014 0.3125
vt 0.031250000000000014 0.3125
vt 0.031250000000000014 0.34375
vt 0.031250000000000014 0.34375
vt 0.031250000000000014 0.34375
vt 0.031250000000000014 0.34375
vt 0.031250000000000014 0.3125
vt 0.031250000000000014 0.3125
vn -0.1601295177683994 -0.7055363650258554 -0.6903455476537551
vn 0.9350551149508746 0.11566561502426309 -0.335102070278991
vn 0.1601295177683994 0.7055363650258554 0.6903455476537551
vn -0.9350551149508746 -0.11566561502426309 0.335102070278991
vn -0.3162759389259113 0.6991708683341735 -0.6411939077450528
vn 0.3162759389259113 -0.6991708683341735 0.6411939077450528
usemtl m_5df2ebf9-035c-45af-7359-f5921edf0435
f 132/388/97 135/387/97 133/386/97 130/385/97
f 131/392/98 132/391/98 130/390/98 129/389/98
f 136/396/99 131/395/99 129/394/99 134/393/99
f 135/400/100 136/399/100 134/398/100 133/397/100
f 134/404/101 129/403/101 130/402/101 133/401/101
f 135/408/102 132/407/102 131/406/102 136/405/102
o cube
v -0.34007598089471053 1.9883902496062822 -0.07357010369571482
v -0.3500840757552355 1.9442942267921666 -0.11671670042407445
v -0.3985169255791402 1.9811611486672662 -0.052626224303277847
v -0.40852502043966515 1.9370651258531497 -0.09577282103163753
v -0.3500840757552355 1.9442942267921666 -0.11671670042407445
v -0.34007598089471053 1.9883902496062822 -0.07357010369571482
v -0.40852502043966515 1.9370651258531497 -0.09577282103163753
v -0.3985169255791402 1.9811611486672662 -0.052626224303277847
vt 0.65625 0.375
vt 0.65625 0.375
vt 0.65625 0.34375
vt 0.65625 0.34375
vt 0.625 0.375
vt 0.65625 0.375
vt 0.65625 0.34375
vt 0.625 0.34375
vt 0.6875 0.375
vt 0.6875 0.375
vt 0.6875 0.34375
vt 0.6875 0.34375
vt 0.65625 0.375
vt 0.6875 0.375
vt 0.6875 0.34375
vt 0.65625 0.34375
vt 0.65625 0.375
vt 0.65625 0.375
vt 0.65625 0.40625
vt 0.65625 0.40625
vt 0.65625 0.40625
vt 0.65625 0.40625
vt 0.65625 0.375
vt 0.65625 0.375
vn -0.1601295177683996 -0.7055363650258557 -0.6903455476537547
vn 0.3162759389259112 -0.6991708683341733 0.6411939077450531
vn 0.1601295177683996 0.7055363650258557 0.6903455476537547
vn -0.3162759389259112 0.6991708683341733 -0.6411939077450531
vn 0.9350551149508746 0.11566561502426263 -0.3351020702789913
vn -0.9350551149508746 -0.11566561502426263 0.3351020702789913
usemtl m_5df2ebf9-035c-45af-7359-f5921edf0435
f 140/412/103 143/411/103 141/410/103 138/409/103
f 139/416/104 140/415/104 138/414/104 137/413/104
f 144/420/105 139/419/105 137/418/105 142/417/105
f 143/424/106 144/423/106 142/422/106 141/421/106
f 142/428/107 137/427/107 138/426/107 141/425/107
f 143/432/108 140/431/108 139/430/108 144/429/108
o cube
v -0.36637721314986177 1.9453633015926228 -0.04807088666173154
v -0.3418570997079482 1.933929384915829 -0.17010788755172312
v -0.4241585735041438 1.9235443168800708 -0.05763625658254595
v -0.39963846006223025 1.912110400203277 -0.1796732574725376
v -0.3418570997079482 1.933929384915829 -0.17010788755172312
v -0.36637721314986177 1.9453633015926228 -0.04807088666173154
v -0.39963846006223025 1.912110400203277 -0.1796732574725376
v -0.4241585735041438 1.9235443168800708 -0.05763625658254595
vt 0.5625 0.5625
vt 0.5625 0.5625
vt 0.5625 0.53125
vt 0.5625 0.53125
vt 0.5 0.5625
vt 0.5625 0.5625
vt 0.5625 0.53125
vt 0.5 0.53125
vt 0.625 0.5625
vt 0.625 0.5625
vt 0.625 0.53125
vt 0.625 0.53125
vt 0.5625 0.5625
vt 0.625 0.5625
vt 0.625 0.53125
vt 0.5625 0.53125
vt 0.5625 0.5625
vt 0.5625 0.5625
vt 0.5625 0.625
vt 0.5625 0.625
vt 0.5625 0.625
vt 0.5625 0.625
vt 0.5625 0.5625
vt 0.5625 0.5625
vn 0.19616090753530885 -0.09147133341434911 -0.9762960071199334
vn 0.3268292882082729 -0.9326090087107438 0.15304591873303092
vn -0.19616090753530885 0.09147133341434911 0.9762960071199334
vn -0.3268292882082729 0.9326090087107438 -0.15304591873303092
vn 0.9245017656685127 0.3491037554008333 0.15304591873303092
vn -0.9245017656685127 -0.3491037554008333 -0.15304591873303092
usemtl m_5df2ebf9-035c-45af-7359-f5921edf0435
f 148/436/109 151/435/109 149/434/109 146/433/109
f 147/440/110 148/439/110 146/438/110 145/437/110
f 152/444/111 147/443/111 145/442/111 150/441/111
f 151/448/112 152/447/112 150/446/112 149/445/112
f 150/452/113 145/451/113 146/450/113 149/449/113
f 151/456/114 148/455/114 147/454/114 152/453/114
o cube
v -0.35105177255031994 2.0803223619123203 -0.05763625661794547
v -0.3265316591084063 2.068888445235527 -0.1796732575079371
v -0.33062494203730286 2.022034298867899 -0.048070886697131
v -0.30610482859538923 2.010600382191105 -0.1701078875871227
v -0.3265316591084063 2.068888445235527 -0.1796732575079371
v -0.35105177255031994 2.0803223619123203 -0.05763625661794547
v -0.30610482859538923 2.010600382191105 -0.1701078875871227
v -0.33062494203730286 2.022034298867899 -0.048070886697131
vt 0.3125 0.5625
vt 0.3125 0.5625
vt 0.3125 0.53125
vt 0.3125 0.53125
vt 0.25 0.5625
vt 0.3125 0.5625
vt 0.3125 0.53125
vt 0.25 0.53125
vt 0.375 0.5625
vt 0.375 0.5625
vt 0.375 0.53125
vt 0.375 0.53125
vt 0.3125 0.5625
vt 0.375 0.5625
vt 0.375 0.53125
vt 0.3125 0.53125
vt 0.3125 0.5625
vt 0.3125 0.5625
vt 0.3125 0.625
vt 0.3125 0.625
vt 0.3125 0.625
vt 0.3125 0.625
vt 0.3125 0.5625
vt 0.3125 0.5625
vn 0.1961609075353089 -0.09147133341434908 -0.9762960071199335
vn 0.9245017656685127 0.3491037554008335 0.15304591873303092
vn -0.1961609075353089 0.09147133341434908 0.9762960071199335
vn -0.9245017656685127 -0.3491037554008335 -0.15304591873303092
vn -0.3268292882082731 0.9326090087107438 -0.15304591873303094
vn 0.3268292882082731 -0.9326090087107438 0.15304591873303094
usemtl m_5df2ebf9-035c-45af-7359-f5921edf0435
f 156/460/115 159/459/115 157/458/115 154/457/115
f 155/464/116 156/463/116 154/462/116 153/461/116
f 160/468/117 155/467/117 153/466/117 158/465/117
f 159/472/118 160/471/118 158/470/118 157/469/118
f 158/476/119 153/475/119 154/474/119 157/473/119
f 159/480/120 156/479/120 155/478/120 160/477/120
o cube
v -0.3319649862361632 2.0449490146381386 -0.20309724886081337
v -0.3847922682229943 1.9316605409178003 -0.20309725249779953
v -0.3015300606042598 2.0307569742873572 -0.15038528349750802
v -0.35435734259109086 1.917468500567019 -0.15038528713449417
v -0.3847922682229943 1.9316605409178003 -0.20309725249779953
v -0.3319649862361632 2.0449490146381386 -0.20309724886081337
v -0.35435734259109086 1.917468500567019 -0.15038528713449417
v -0.3015300606042598 2.0307569742873572 -0.15038528349750802
vt 0.06250000000000001 0.5625
vt 0.06250000000000001 0.5625
vt 0.06250000000000001 0.53125
vt 0.06250000000000001 0.53125
vt 0 0.5625
vt 0.06250000000000001 0.5625
vt 0.06250000000000001 0.53125
vt 0 0.53125
vt 0.12500000000000003 0.5625
vt 0.12500000000000003 0.5625
vt 0.12500000000000003 0.53125
vt 0.12500000000000003 0.53125
vt 0.06250000000000001 0.5625
vt 0.12500000000000003 0.5625
vt 0.12500000000000003 0.53125
vt 0.06250000000000001 0.53125
vt 0.06250000000000001 0.5625
vt 0.06250000000000001 0.5625
vt 0.06250000000000001 0.625
vt 0.06250000000000001 0.625
vt 0.06250000000000001 0.625
vt 0.06250000000000001 0.625
vt 0.06250000000000001 0.5625
vt 0.06250000000000001 0.5625
vn -0.42261825589464874 -0.9063077897627079 -2.909588925348317e-8
vn 0.7643722437663313 -0.356432607697408 -0.5372996083468236
vn 0.42261825589464874 0.9063077897627079 2.909588925348317e-8
vn -0.7643722437663313 0.356432607697408 0.5372996083468236
vn -0.48695881011045455 0.22707264561250246 -0.8433914458128855
vn 0.48695881011045455 -0.22707264561250246 0.8433914458128855
usemtl m_5df2ebf9-035c-45af-7359-f5921edf0435
f 164/484/121 167/483/121 165/482/121 162/481/121
f 163/488/122 164/487/122 162/486/122 161/485/122
f 168/492/123 163/491/123 161/490/123 166/489/123
f 167/496/124 168/495/124 166/494/124 165/493/124
f 166/500/125 161/499/125 162/498/125 165/497/125
f 167/504/126 164/503/126 163/502/126 168/501/126
o cube
v -0.3181247036158576 2.038495181058143 -0.0677934851414857
v -0.37095198560268866 1.9252067073378045 -0.0677934887784718
v -0.36589796885125325 2.060772219039231 -0.03421225961980923
v -0.4187252508380844 1.9474837453188925 -0.03421226325679527
v -0.37095198560268866 1.9252067073378045 -0.0677934887784718
v -0.3181247036158576 2.038495181058143 -0.0677934851414857
v -0.4187252508380844 1.9474837453188925 -0.03421226325679527
v -0.36589796885125325 2.060772219039231 -0.03421225961980923
vt 0.5 0.6875
vt 0.5 0.6875
vt 0.5 0.65625
vt 0.5 0.65625
vt 0.4375 0.6875
vt 0.5 0.6875
vt 0.5 0.65625
vt 0.4375 0.65625
vt 0.5625 0.6875
vt 0.5625 0.6875
vt 0.5625 0.65625
vt 0.5625 0.65625
vt 0.5 0.6875
vt 0.5625 0.6875
vt 0.5625 0.65625
vt 0.5 0.65625
vt 0.5 0.6875
vt 0.5 0.6875
vt 0.5 0.75
vt 0.5 0.75
vt 0.5 0.75
vt 0.5 0.75
vt 0.5 0.6875
vt 0.5 0.6875
vn -0.42261825589464874 -0.9063077897627079 -2.90958886428605e-8
vn 0.48695881011045467 -0.2270726456125021 0.8433914458128854
vn 0.42261825589464874 0.9063077897627079 2.90958886428605e-8
vn -0.48695881011045467 0.2270726456125021 -0.8433914458128854
vn 0.7643722437663311 -0.35643260769740853 -0.5372996083468234
vn -0.7643722437663311 0.35643260769740853 0.5372996083468234
usemtl m_5df2ebf9-035c-45af-7359-f5921edf0435
f 172/508/127 175/507/127 173/506/127 170/505/127
f 171/512/128 172/511/128 170/510/128 169/509/128
f 176/516/129 171/515/129 169/514/129 174/513/129
f 175/520/130 176/519/130 174/518/130 173/517/130
f 174/524/131 169/523/131 170/522/131 173/521/131
f 175/528/132 172/527/132 171/526/132 176/525/132
o cube
v -0.3818458739706564 1.9281950188225778 -0.017561636439233586
v -0.345065703807786 1.9110441438073873 -0.20061713777422108
v -0.4396272343249385 1.9063760341100258 -0.027127006360048056
v -0.40284706416206806 1.8892251590948352 -0.2101825076950355
v -0.345065703807786 1.9110441438073873 -0.20061713777422108
v -0.3818458739706564 1.9281950188225778 -0.017561636439233586
v -0.40284706416206806 1.8892251590948352 -0.2101825076950355
v -0.4396272343249385 1.9063760341100258 -0.027127006360048056
vt 0.09374999999999997 0.65625
vt 0.09374999999999997 0.65625
vt 0.09374999999999997 0.625
vt 0.09374999999999997 0.625
vt 0 0.65625
vt 0.09374999999999997 0.65625
vt 0.09374999999999997 0.625
vt 0 0.625
vt 0.18749999999999994 0.65625
vt 0.18749999999999994 0.65625
vt 0.18749999999999994 0.625
vt 0.18749999999999994 0.625
vt 0.09374999999999997 0.65625
vt 0.18749999999999994 0.65625
vt 0.18749999999999994 0.625
vt 0.09374999999999997 0.625
vt 0.09374999999999997 0.65625
vt 0.09374999999999997 0.65625
vt 0.09374999999999997 0.75
vt 0.09374999999999997 0.75
vt 0.09374999999999997 0.75
vt 0.09374999999999997 0.75
vt 0.09374999999999997 0.65625
vt 0.09374999999999997 0.65625
vn 0.19616090753530885 -0.09147133341434911 -0.9762960071199334
vn 0.3268292882082729 -0.9326090087107438 0.15304591873303092
vn -0.19616090753530885 0.09147133341434911 0.9762960071199334
vn -0.3268292882082729 0.9326090087107438 -0.15304591873303092
vn 0.9245017656685127 0.3491037554008333 0.15304591873303092
vn -0.9245017656685127 -0.3491037554008333 -0.15304591873303092
usemtl m_5df2ebf9-035c-45af-7359-f5921edf0435
f 180/532/133 183/531/133 181/530/133 178/529/133
f 179/536/134 180/535/134 178/534/134 177/533/134
f 184/540/135 179/539/135 177/538/135 182/537/135
f 183/544/136 184/543/136 182/542/136 181/541/136
f 182/548/137 177/547/137 178/546/137 181/545/137
f 183/552/138 180/551/138 179/550/138 184/549/138
o cube
v -0.3478431684504821 2.1032076030207625 -0.027127006395447517
v -0.31106299828761164 2.086056728005572 -0.210182507730435
v -0.327416337937465 2.0449195399763407 -0.017561636474633102
v -0.2906361677745946 2.02776866496115 -0.2006171378096206
v -0.31106299828761164 2.086056728005572 -0.210182507730435
v -0.3478431684504821 2.1032076030207625 -0.027127006395447517
v -0.2906361677745946 2.02776866496115 -0.2006171378096206
v -0.327416337937465 2.0449195399763407 -0.017561636474633102
vt 0.28125 0.78125
vt 0.28125 0.78125
vt 0.28125 0.75
vt 0.28125 0.75
vt 0.1875 0.78125
vt 0.28125 0.78125
vt 0.28125 0.75
vt 0.1875 0.75
vt 0.375 0.78125
vt 0.375 0.78125
vt 0.375 0.75
vt 0.375 0.75
vt 0.28125 0.78125
vt 0.375 0.78125
vt 0.375 0.75
vt 0.28125 0.75
vt 0.28125 0.78125
vt 0.28125 0.78125
vt 0.28125 0.875
vt 0.28125 0.875
vt 0.28125 0.875
vt 0.28125 0.875
vt 0.28125 0.78125
vt 0.28125 0.78125
vn 0.1961609075353089 -0.09147133341434908 -0.9762960071199335
vn 0.9245017656685127 0.3491037554008335 0.15304591873303092
vn -0.1961609075353089 0.09147133341434908 0.9762960071199335
vn -0.9245017656685127 -0.3491037554008335 -0.15304591873303092
vn -0.3268292882082731 0.9326090087107438 -0.15304591873303094
vn 0.3268292882082731 -0.9326090087107438 0.15304591873303094
usemtl m_5df2ebf9-035c-45af-7359-f5921edf0435
f 188/556/139 191/555/139 189/554/139 186/553/139
f 187/560/140 188/559/140 186/558/140 185/557/140
f 192/564/141 187/563/141 185/562/141 190/561/141
f 191/568/142 192/567/142 190/566/142 189/565/142
f 190/572/143 185/571/143 186/570/143 189/569/143
f 191/576/144 188/575/144 187/574/144 192/573/144
o cube
v -0.31442358083858235 2.0712498836606468 -0.2246705456728123
v -0.39366450381882895 1.9013171730801393 -0.22467055112829148
v -0.283988655206679 2.0570578433098654 -0.17195858030950695
v -0.3632295781869256 1.8871251327293574 -0.17195858576498618
v -0.39366450381882895 1.9013171730801393 -0.22467055112829148
v -0.31442358083858235 2.0712498836606468 -0.2246705456728123
v -0.3632295781869256 1.8871251327293574 -0.17195858576498618
